==========================================
==== Segment 1 - Reaching ================
==========================================

ovenFrame_inWorld =

    1.0000         0         0    0.8000
         0    1.0000         0   -0.5000
         0         0    1.0000    0.8300
         0         0         0    1.0000

attFrame_inOven =

   -0.4089   -0.7656    0.4967   -0.1224
   -0.5395    0.6418    0.5450   -0.3497
   -0.7360   -0.0451   -0.6755    0.0934
         0         0         0    1.0000

attFrame_inOven_quat = [    0.3733,    -0.3952,     0.8256,     0.1514]

robStart_in_ATT =

    0.9986    0.0444    0.0288    0.0622
   -0.0322    0.9420   -0.3342    0.0009
   -0.0420    0.3328    0.9421   -0.3388
         0         0         0    1.0000

robStart_in_World = 

   -0.4045   -0.5740    0.7120    0.4832
   -0.5823    0.7620    0.2834   -1.0673
   -0.7051   -0.3000   -0.6425    1.1064
         0         0         0    1.0000

robStart_in_World_quat = [    0.4228,    -0.3450,     0.8380,    -0.0050]

==========================================
==== Segment 2 - Swiping  ================
==========================================

attFrame_inOven =

   -0.1699   -0.7609    0.6262    0.0117
   -0.3856    0.6361    0.6684   -0.2127
   -0.9069   -0.1279   -0.4015   -0.0230
         0         0         0    1.0000


robStart_in_ATT =

    0.9450   -0.0766    0.3180   -0.0300
    0.0623    0.9965    0.0551    0.0000
   -0.3211   -0.0323    0.9465   -0.2223
         0         0         0    1.0000

==========================================
==== Segment 3 - Fliping  ================
==========================================

attFrame_inOven =

    0.6207    0.4548    0.6386   -0.0525
   -0.6502   -0.1564    0.7435   -0.4040
    0.4380   -0.8767    0.1987    0.3080
         0         0         0    1.0000


robStart_in_ATT =

   -0.2437   -0.9367   -0.2515   -0.2118
    0.7035   -0.3493    0.6190    0.2658
   -0.6677   -0.0261    0.7440    0.1270
         0         0         0    1.0000

==========================================
==== Segment 4 - Back     ================
==========================================

attFrame_inOven =

   -0.3018   -0.2775    0.9121   -0.4071
   -0.6804    0.7328   -0.0022   -0.7200
   -0.6678   -0.6212   -0.4100    0.3144
         0         0         0    1.0000


robStart_in_ATT =

   -0.0375    0.5547   -0.8312   -0.3177
   -0.9209    0.3039    0.2442    0.1371
    0.3880    0.7746    0.4994    0.3254
         0         0         0    1.0000


